$ANSIBLE_VAULT;1.1;AES256
33653037336238353366636136613736393964646361636263306437666566353632303736623836
6663393832373337313330383266636663636165313134390a356163656366643732316461333337
35396332343839613164643636623962663436653630323730353337373761323738653139653432
6536353963333464650a373230623662616138646630333035626631646430333638626164366362
38633363333638346239666435336266346230353039353063376137623162363939386665393562
36303238343639623037366135383235613061633136356530313966323763373539626630306464
39356239626661626534343161323237326332663930643961316339393463336465333064633563
32366465323061636233316164313563303736613765353835336235386236623234353865336536
65363839343835336231326632313132343263306161393137313035343932303532613136653065
33393134306337343166323433616137343663323561623566633561643233313061663536653261
66633734363765653633396131346363663735396163663037383830636232653165316236616335
36386337303539636162623531363438306531373261373365303933343632663936653763393764
37623634383665636465636163303666346535356632616464376538363239343337643064623634
64336636626364323862656363636337346433643961316463633033626435366234666261353565
37346633663831613061386638366264633563666130383939663862306463393833343739613361
32636239343465303334363035653262666361633539343138636339663430656263356337396534
39666363653666366139333063316430393237623965643133353933326238653036633331666539
34303538626139303366643236343738316662386163626566303262663762656233626639343861
32646131356635623131613538343236353737326137613930343465376165386364343235626434
38333738363035336434356438623564323735373031633563633134363665396233376438333631
66376534393538656530323561353938343333363235656538343330326236646330383362376361
33333662626664663436656562613636373637666433666263373835303033383962626333303134
31363438313838393663666131336631333235363336346637356236633861346561383235343865
63386663353737356438653539326234336239396664343032626636306434353333353036643436
37373366663337343730626237396338383365363362303138363638393062356464633633336532
65383338313661366136383739633133386434633133343438613865613236636562633133386234
65373632653265333237333735383165633038396361373135336430626366313532383763613763
30303630343439643262636461326437373731333533306663383435313632656165623735663366
35333664633539646365316534626231323861636434363231393861613039353965626235386261
30623131373366323132653335333562373633326530643563363037666630383137313864613731
34306134643462383562636261326165636233626464323266393562643238323437376262316530
61356331653263396663346230313262333732656461643065396335646333323938393431353537
66616535396164613263653432323265633033313634303431613265623063346535356465303562
65616631646261346530356637663735313164623837303264633235303464626532383037663832
32613165623131303338373431336462313236346538313661303238303763383136376466396537
39346162346338646463343832646139653037653965643232326431666636643363353332646234
38373436313134333536636434323932623635643365633536316538646236313765383264613531
6635313733376364313561663239306538613264356430386162
